00502111 01240587 11
00502114 01240585 11
00502115 01240582 11
00502117 01240581 11
00502119 01240579 11
00502120 01240576 11
00502121 01240574 11
00502122 01240572 11
00502124 01240569 11
00502126 01240567 11
00502129 01240561 11
00502129 01240560 11
00502132 01240557 11
00502132 01240555 11
00502134 01240554 11
00502136 01240551 11
00502137 01240550 11
00502138 01240548 11
00502141 01240544 11
00502142 01240542 11
00502142 01240540 11
00502144 01240537 11
00502146 01240535 11
00502147 01240533 11
00502148 01240531 11
00502148 01240528 11
00502149 01240526 11
00502151 01240523 11
00502153 01240522 11
00502153 01240520 13
00502157 01240516 13
00502159 01240513 12
00502160 01240512 12
00502162 01240510 12
00502163 01240510 12
00502166 01240507 12
00502167 01240505 12
00502169 01240504 12
00502172 01240503 12
00502173 01240499 12
00502175 01240497 12
00502177 01240497 12
00502178 01240495 12
00502181 01240492 12
00502182 01240491 12
00502183 01240489 12
00502186 01240488 12
00502187 01240486 12
00502188 01240484 12
00502191 01240482 12
00502192 01240480 12
00502194 01240478 12
00502195 01240477 12
00502196 01240474 12
00502198 01240473 12
00502199 01240472 12
00502201 01240470 12
00502204 01240469 12
00502205 01240467 12
00502206 01240465 12
00502207 01240463 12
00502208 01240461 12
00502208 01240457 12