446456 1212985 23
446463 1212988 23
446466 1212993 23
446471 1212994 23
446475 1212994 23
446480 1212997 23
446485 1212998 23
446489 1213002 23
446492 1213004 23
446496 1213004 23
446500 1213004 23
446506 1213010 23
446510 1213009 23
446514 1213009 23
446520 1213013 23
446525 1213014 23
446529 1213017 24
446533 1213020 24
446536 1213025 24
446540 1213026 24
446544 1213029 24
446549 1213032 24
446554 1213033 24
446559 1213036 24
446561 1213037 24
446566 1213042 24
446570 1213044 24
446574 1213046 24
446579 1213049 24
446583 1213051 24
446588 1213053 24
446592 1213057 24
446596 1213058 24
446602 1213061 24
446605 1213062 23
446608 1213061 23
446613 1213069 23
446619 1213068 23
446624 1213073 23
446626 1213073 23
446631 1213078 23
446633 1213081 23
446638 1213084 23
446641 1213088 23
446645 1213089 23
446651 1213090 23
446654 1213091 23
446659 1213096 23
446662 1213099 23
446667 1213102 23
446672 1213102 23
446676 1213104 23
446679 1213105 23
446685 1213106 23
446690 1213109 23
446693 1213112 23
446698 1213115 23
446702 1213115 23
446708 1213116 23
446712 1213117 23
446716 1213123 23
446721 1213125 23
446724 1213125 23
446730 1213129 23
446734 1213133 23
446737 1213134 23
446741 1213133 23
446746 1213135 23
446752 1213139 23
446754 1213142 24
446740 1213146 24
446762 1213150 24
446766 1213149 24
446771 1213149 24
446777 1213144 24
446782 1213142 24
446786 1213136 24
446787 1213135 24
446792 1213131 24
446795 1213130 24