G7_2
5
11
11
Type of measurement (0=app.resistivity,1=resistance)
1
1196
2
0
Chargeability
mV/V
20 0.01 0.01 0.01 0.02 0.02 0.03 0.03 0.04 0.05 0.06 0.08 0.1 0.13 0.16 0.21 0.26 0.33 0.42 0.53 0.67 0.84 0.8 4
4	125	0	215	0	155	0	165	0	0.0959749614310992
4	115	0	385	0	295	0	325	0	0.12473095099144
4	140	0	185	0	175	0	180	0	0.346155645080987
4	165	0	210	0	175	0	180	0	0.169756022734288
4	165	0	210	0	200	0	205	0	0.301343792937085
4	80	0	215	0	110	0	125	0	0.120696045180188
4	195	0	240	0	205	0	210	0	0.131759985211917
4	120	0	210	0	130	0	140	0	0.325863360815073
4	95	0	185	0	155	0	165	0	0.107781600103545
4	180	0	225	0	195	0	200	0	0.113877441571273
4	115	0	205	0	155	0	165	0	0.0832327973644593
4	90	0	180	0	130	0	140	0	0.135988878898199
4	155	0	200	0	175	0	180	0	0.11381983527258
4	215	0	395	0	275	0	295	0	0.0824119337945237
4	175	0	220	0	195	0	200	0	0.103587070858314
4	110	0	200	0	130	0	140	0	0.183944282157444
4	85	0	175	0	155	0	165	0	0.206456446206589
4	170	0	215	0	195	0	200	0	0.113621437515732
4	100	0	190	0	140	0	150	0	0.113617844500587
4	165	0	210	0	195	0	200	0	0.147615904896337
4	120	0	390	0	210	0	240	0	0.0837559655290539
4	200	0	380	0	300	0	320	0	0.107546269593632
4	100	0	325	0	250	0	275	0	0.0922654330240355
4	105	0	375	0	225	0	255	0	0.0889326899943957
4	240	0	375	0	330	0	345	0	0.11252153177775
4	155	0	380	0	255	0	280	0	0.0749173167300292
4	215	0	395	0	295	0	315	0	0.0891561750766487
4	190	0	370	0	310	0	330	0	0.145294578105991
4	250	0	385	0	340	0	355	0	0.0931166074164082
4	150	0	330	0	290	0	310	0	0.167241745797393
4	90	0	135	0	105	0	110	0	0.118854267748434
4	85	0	310	0	260	0	285	0	0.139477562407318
4	225	0	360	0	330	0	345	0	0.178138606163969
4	130	0	355	0	280	0	305	0	0.106455857266979
4	85	0	130	0	105	0	110	0	0.1135433875357
4	85	0	355	0	235	0	265	0	0.0916328258711029
4	80	0	125	0	105	0	110	0	0.132674488620176
4	335	0	380	0	355	0	360	0	0.0919461253730008
4	175	0	355	0	215	0	235	0	0.125117520177785
4	290	0	380	0	310	0	320	0	0.116758639276873
4	215	0	350	0	260	0	275	0	0.0805309210229957
4	330	0	375	0	355	0	360	0	0.103192125025568
4	230	0	320	0	280	0	290	0	0.0888464490778086
4	90	0	360	0	150	0	180	0	0.0913494100104168
4	300	0	345	0	320	0	325	0	0.112971702425339
4	200	0	290	0	270	0	280	0	0.148001849678119
4	185	0	320	0	260	0	275	0	0.0729014000512787
4	325	0	370	0	355	0	360	0	0.127505161389447
4	325	0	370	0	330	0	335	0	0.189505976480457
4	105	0	375	0	135	0	165	0	0.196480331565643
4	255	0	345	0	275	0	285	0	0.102547782561683
4	280	0	370	0	310	0	320	0	0.103592683364912
4	200	0	335	0	245	0	260	0	0.112459476218766
4	320	0	365	0	355	0	360	0	0.231967962844158
4	320	0	365	0	330	0	335	0	0.104742126227081
4	295	0	340	0	330	0	335	0	0.164678373984115
4	220	0	310	0	280	0	290	0	0.104737387106981
4	150	0	285	0	225	0	240	0	0.0964524212234843
4	95	0	320	0	170	0	195	0	0.0779551162878734
4	235	0	370	0	265	0	280	0	0.0962258221567102
4	135	0	315	0	215	0	235	0	0.0900763753534704
4	275	0	365	0	285	0	295	0	0.15993470605619
4	140	0	365	0	190	0	215	0	0.113833456801835
4	315	0	360	0	330	0	335	0	0.0890017154266581
4	210	0	390	0	230	0	250	0	0.194606348907384
4	170	0	305	0	260	0	275	0	0.0966045582132842
4	210	0	300	0	280	0	290	0	0.156858235725265
4	175	0	355	0	235	0	255	0	0.113891534127472
4	105	0	330	0	180	0	205	0	0.0799407353572317
4	90	0	270	0	230	0	250	0	0.173973757854398
4	135	0	315	0	235	0	255	0	0.10536152344731
4	155	0	245	0	175	0	185	0	0.139396964523891
4	110	0	245	0	155	0	170	0	0.0900358478697133
4	150	0	240	0	200	0	210	0	0.0927145532444271
4	110	0	290	0	130	0	150	0	0.247150320317233
4	245	0	290	0	260	0	265	0	0.0962114109329478
4	170	0	260	0	210	0	220	0	0.0987279270839922
4	210	0	255	0	230	0	235	0	0.0877131752293961
4	240	0	285	0	260	0	265	0	0.0845696912755053
4	140	0	230	0	210	0	220	0	0.217372924588614
4	165	0	255	0	185	0	195	0	0.130387577148677
4	205	0	250	0	230	0	235	0	0.0993896080382658
4	80	0	260	0	120	0	140	0	0.142885055610478
4	195	0	285	0	215	0	225	0	0.135298775654771
4	120	0	255	0	165	0	180	0	0.094490343901107
4	235	0	280	0	260	0	265	0	0.0842249973046472
4	135	0	225	0	185	0	195	0	0.106780864268483
4	155	0	245	0	195	0	205	0	0.0947715278079667
4	140	0	275	0	185	0	200	0	0.102114488742046
4	105	0	195	0	175	0	185	0	0.210863416292199
4	90	0	225	0	165	0	180	0	0.0971161270164503
4	255	0	300	0	260	0	265	0	0.30976175787544
4	230	0	275	0	260	0	265	0	0.10054643013278
4	230	0	275	0	235	0	240	0	0.782692615442912
4	125	0	215	0	185	0	195	0	0.127053617841398
4	125	0	260	0	185	0	200	0	0.0855100615900416
4	95	0	230	0	185	0	200	0	0.111938656367309
4	215	0	395	0	355	0	375	0	0.235765856958103
4	140	0	365	0	315	0	340	0	0.199790394412306
4	150	0	375	0	325	0	350	0	0.180953435204859
4	130	0	175	0	135	0	140	0	0.793287144759074
4	85	0	175	0	115	0	125	0	0.121271533402918
4	125	0	170	0	135	0	140	0	0.274244943055413
4	100	0	370	0	280	0	310	0	0.113710948647796
4	120	0	165	0	135	0	140	0	0.182877432537026
4	80	0	395	0	150	0	185	0	0.0853834687008348
4	110	0	155	0	135	0	140	0	0.175209245499702
4	350	0	395	0	375	0	380	0	0.114077172010755
4	105	0	150	0	135	0	140	0	0.230850932375798
4	305	0	395	0	355	0	365	0	0.110914950605219
4	205	0	340	0	280	0	295	0	0.0854731364992417
4	190	0	370	0	270	0	290	0	0.0796612182739983
4	300	0	390	0	330	0	340	0	0.0804398404912427
4	200	0	335	0	305	0	320	0	0.184284002378278
4	225	0	360	0	315	0	330	0	0.141864944832702
4	115	0	340	0	215	0	240	0	0.0833839950283458
4	265	0	355	0	335	0	345	0	0.172368033250888
4	200	0	380	0	280	0	300	0	0.0825364179598615
4	295	0	385	0	365	0	375	0	0.232794076119411
4	245	0	380	0	320	0	335	0	0.112151300157864
4	170	0	350	0	270	0	290	0	0.0835182417106782
4	190	0	370	0	290	0	310	0	0.0983833052889192
4	90	0	315	0	240	0	265	0	0.110355442958403
4	230	0	365	0	335	0	350	0	0.188637486332539
4	125	0	350	0	250	0	275	0	0.0793217553556208
4	250	0	340	0	260	0	270	0	0.18574150519352
4	150	0	285	0	210	0	225	0	0.0969114636792458
4	235	0	370	0	250	0	265	0	0.194031890674373
4	290	0	335	0	315	0	320	0	0.0884377986595822
4	105	0	285	0	165	0	185	0	0.0872724793673229
4	310	0	355	0	315	0	320	0	0.186860291335233
4	285	0	330	0	315	0	320	0	0.10328302254673
4	285	0	330	0	290	0	295	0	0.183186016986866
4	200	0	335	0	215	0	230	0	0.2033508481363
4	185	0	365	0	205	0	225	0	0.183233600592777
4	240	0	330	0	270	0	280	0	0.0812556890741263
4	305	0	350	0	315	0	320	0	0.108253482429343
4	280	0	325	0	315	0	320	0	0.179075497598689
4	280	0	325	0	290	0	295	0	0.10450612759999
4	80	0	305	0	155	0	180	0	0.0737397363739103
4	250	0	295	0	280	0	285	0	0.102861084054538
4	220	0	355	0	250	0	265	0	0.120333679489818
4	195	0	330	0	225	0	240	0	0.120582224867246
4	120	0	300	0	200	0	220	0	0.0774759080628037
4	95	0	275	0	175	0	195	0	0.077555027990467
4	260	0	350	0	270	0	280	0	0.151376101907354
4	125	0	350	0	175	0	200	0	0.109171081889177
4	275	0	320	0	290	0	295	0	0.0875670461991183
4	280	0	370	0	290	0	300	0	0.149255893536896
4	105	0	240	0	210	0	225	0	0.20327217049389
4	180	0	315	0	240	0	255	0	0.111635691622466
4	190	0	325	0	250	0	265	0	0.0864455909128079
4	230	0	320	0	270	0	280	0	0.0779643427546865
4	130	0	265	0	220	0	235	0	0.112308494556447
4	270	0	315	0	290	0	295	0	0.0823003301847676
4	135	0	315	0	195	0	215	0	0.0865528160124259
4	205	0	340	0	235	0	250	0	0.144031911432975
4	105	0	285	0	185	0	205	0	0.0773016115072605
4	230	0	365	0	245	0	260	0	0.227265220782338
4	270	0	360	0	290	0	300	0	0.100459749393029
4	240	0	330	0	290	0	300	0	0.083276967198294
4	165	0	300	0	240	0	255	0	0.112509974307248
4	95	0	275	0	195	0	215	0	0.0751836284794335
4	135	0	270	0	240	0	255	0	0.188717443143817
4	105	0	375	0	315	0	345	0	0.189654276615471
4	125	0	395	0	335	0	365	0	0.158596056929923
4	190	0	280	0	200	0	210	0	0.191866147410527
4	80	0	395	0	290	0	325	0	0.113800326086811
4	200	0	245	0	210	0	215	0	0.144840300227163
4	105	0	240	0	135	0	150	0	0.158514396561735
4	165	0	210	0	190	0	195	0	0.118216414570661
4	155	0	245	0	165	0	175	0	0.30557884197656
4	140	0	275	0	155	0	170	0	0.234388838925205
4	80	0	215	0	125	0	140	0	0.127920197419774
4	180	0	270	0	200	0	210	0	0.111956352824738
4	195	0	240	0	220	0	225	0	0.12086129097174
4	120	0	210	0	170	0	180	0	0.0974999242469843
4	215	0	260	0	220	0	225	0	0.367305994313577
4	190	0	235	0	220	0	225	0	1.07100837479411
4	155	0	200	0	190	0	195	0	0.339481619611052
4	170	0	260	0	200	0	210	0	0.0895226439582451
4	210	0	255	0	220	0	225	0	0.144910621583908
4	185	0	230	0	220	0	225	0	0.307139251534824
4	110	0	200	0	170	0	180	0	0.11776830306797
4	170	0	395	0	270	0	295	0	0.0758649831472816
4	130	0	220	0	190	0	200	0	0.126117869097725
4	185	0	275	0	195	0	205	0	0.211442962725007
4	120	0	210	0	190	0	200	0	0.209208929736237
4	215	0	395	0	335	0	355	0	0.0843222364958031
4	110	0	335	0	285	0	310	0	0.166252125567635
4	120	0	345	0	270	0	295	0	0.0988768004786378
4	125	0	395	0	245	0	275	0	0.0777993435821168
4	165	0	390	0	290	0	315	0	0.0959749907144234
4	185	0	365	0	325	0	345	0	0.18744371320013
4	120	0	390	0	270	0	300	0	0.0791420836307345
4	110	0	155	0	120	0	125	0	0.23290630823082
4	85	0	130	0	120	0	125	0	0.84050304593304
4	140	0	185	0	150	0	155	0	0.189900474630678
4	105	0	150	0	120	0	125	0	0.173767626516705
4	95	0	185	0	105	0	115	0	0.194513289523236
4	135	0	180	0	150	0	155	0	0.129315574142835
4	130	0	175	0	150	0	155	0	0.113841849893856
4	255	0	390	0	270	0	285	0	0.150677363411577
4	210	0	390	0	250	0	270	0	0.109123006560021
4	290	0	380	0	350	0	360	0	0.117044775488684
4	300	0	345	0	335	0	340	0	0.178362658620527
4	245	0	380	0	305	0	320	0	0.104346159228958
4	285	0	375	0	325	0	335	0	0.0975856338768779
4	100	0	325	0	200	0	225	0	0.0747292398452291
4	255	0	345	0	315	0	325	0	0.135531158478305
4	120	0	345	0	195	0	220	0	0.080728545756038
4	260	0	395	0	290	0	305	0	0.103491243690798
4	155	0	380	0	205	0	230	0	0.118486194045359
4	280	0	370	0	350	0	360	0	0.183518727894795
4	210	0	345	0	270	0	285	0	0.077004077502465
4	235	0	370	0	280	0	295	0	0.089682713878651
4	135	0	315	0	255	0	275	0	0.092698883258796
4	275	0	365	0	325	0	335	0	0.103238168482956
4	295	0	385	0	345	0	355	0	0.0814998386047568
4	230	0	365	0	305	0	320	0	0.114004081219128
4	95	0	365	0	185	0	215	0	0.0741858629985626
4	170	0	305	0	275	0	290	0	0.153002756746705
4	205	0	385	0	245	0	265	0	0.129615320818126
4	190	0	325	0	295	0	310	0	0.176839829706058
4	85	0	310	0	210	0	235	0	0.0851080992968961
4	265	0	355	0	325	0	335	0	0.112873085103738
4	130	0	355	0	230	0	255	0	0.0942487048631724
4	285	0	375	0	345	0	355	0	0.113434688767401
4	275	0	365	0	345	0	355	0	0.188479993938468
4	250	0	295	0	265	0	270	0	0.0828924929583368
4	270	0	315	0	300	0	305	0	0.116947253468304
4	270	0	315	0	275	0	280	0	0.186664450091041
4	245	0	290	0	275	0	280	0	0.0968444032324109
4	200	0	290	0	220	0	230	0	0.128948869185631
4	225	0	315	0	255	0	265	0	0.0936636211695359
4	115	0	295	0	155	0	175	0	0.105137672839502
4	265	0	310	0	300	0	305	0	0.2045732728849
4	265	0	310	0	275	0	280	0	0.100168249890858
4	240	0	285	0	275	0	280	0	0.183001071128947
4	155	0	290	0	200	0	215	0	0.0906282792637922
4	165	0	255	0	225	0	235	0	0.116650405690256
4	180	0	315	0	210	0	225	0	0.128070988413565
4	295	0	340	0	305	0	310	0	0.125132873239566
4	220	0	310	0	230	0	240	0	0.12000457399484
4	195	0	285	0	255	0	265	0	0.0990251241020167
4	120	0	255	0	180	0	195	0	0.0851711120847961
4	260	0	305	0	275	0	280	0	0.0829136396883096
4	280	0	325	0	295	0	300	0	0.079366986863363
4	290	0	335	0	305	0	310	0	0.103998925644619
4	215	0	305	0	255	0	265	0	0.0812667798902579
4	190	0	280	0	230	0	240	0	0.0908759773028116
4	115	0	250	0	205	0	220	0	0.110210609621893
4	90	0	225	0	180	0	195	0	0.11409921350392
4	255	0	300	0	275	0	280	0	0.0799091577908427
4	120	0	300	0	180	0	200	0	0.0870761105807794
4	275	0	320	0	295	0	300	0	0.0777496952055702
4	210	0	300	0	230	0	240	0	0.112633424865938
4	185	0	275	0	255	0	265	0	0.142015895515941
4	90	0	360	0	120	0	150	0	0.223166799035715
4	270	0	315	0	295	0	300	0	0.081312905590497
4	200	0	290	0	240	0	250	0	0.121938770758191
4	100	0	235	0	190	0	205	0	0.11317402193266
4	265	0	310	0	295	0	300	0	0.0997851419494686
4	80	0	260	0	180	0	200	0	0.0809190937093926
4	260	0	305	0	295	0	300	0	0.176873358654499
4	125	0	395	0	305	0	335	0	0.122054862260074
4	110	0	380	0	320	0	350	0	0.182725883029455
4	190	0	235	0	205	0	210	0	0.0939496877976159
4	185	0	230	0	205	0	210	0	0.0854219630300929
4	180	0	225	0	205	0	210	0	0.0912253595448249
4	80	0	170	0	130	0	140	0	0.143312992481186
4	170	0	395	0	345	0	370	0	0.197746686300654
4	150	0	195	0	170	0	175	0	0.107362321082406
4	175	0	220	0	180	0	185	0	0.356427967386918
4	175	0	220	0	205	0	210	0	0.125530255592739
4	170	0	215	0	180	0	185	0	0.177071391841018
4	170	0	215	0	205	0	210	0	0.318667644849204
4	165	0	210	0	180	0	185	0	0.119883779460542
4	260	0	395	0	350	0	365	0	0.125209788355178
4	300	0	390	0	370	0	380	0	0.207362923853098
4	120	0	255	0	135	0	150	0	0.266473114787737
4	80	0	395	0	185	0	220	0	0.0712316483464092
4	155	0	335	0	275	0	295	0	0.0999959368314565
4	140	0	365	0	265	0	290	0	0.0813320922286378
4	250	0	385	0	325	0	340	0	0.0974622522468072
4	105	0	330	0	255	0	280	0	0.0886664509777412
4	110	0	380	0	230	0	260	0	0.0871194743763923
4	150	0	375	0	275	0	300	0	0.0853696394065707
4	170	0	350	0	310	0	330	0	0.201465113454937
4	190	0	370	0	330	0	350	0	0.179986702368259
4	255	0	390	0	345	0	360	0	0.107745238243565
4	155	0	335	0	295	0	315	0	0.182382241051995
4	95	0	140	0	110	0	115	0	0.111756926381415
4	135	0	360	0	285	0	310	0	0.118033151242492
4	90	0	135	0	110	0	115	0	0.11183463058233
4	90	0	360	0	240	0	270	0	0.0892825103541655
4	85	0	130	0	110	0	115	0	0.127011600219265
4	210	0	345	0	255	0	270	0	0.0852034972489369
4	250	0	340	0	300	0	310	0	0.107472686885118
4	105	0	285	0	205	0	225	0	0.0840414323329816
4	345	0	390	0	360	0	365	0	0.117869688865046
4	270	0	360	0	310	0	320	0	0.102389426555976
4	245	0	335	0	285	0	295	0	0.085669620933961
4	310	0	355	0	330	0	335	0	0.0793297089870706
4	200	0	335	0	230	0	245	0	0.126846618685769
4	115	0	340	0	165	0	190	0	0.106228535970421
4	340	0	385	0	360	0	365	0	0.11073389982123
4	265	0	355	0	285	0	295	0	0.10763568279315
4	240	0	330	0	310	0	320	0	0.171828122755074
4	305	0	350	0	330	0	335	0	0.0803335899969737
4	180	0	360	0	220	0	240	0	0.12154770457167
4	295	0	385	0	315	0	325	0	0.119165976710476
4	220	0	355	0	265	0	280	0	0.0795546377828742
4	95	0	275	0	215	0	235	0	0.105949350300577
4	335	0	380	0	360	0	365	0	0.12810876526703
4	260	0	350	0	310	0	320	0	0.107280579944423
4	255	0	345	0	295	0	305	0	0.0858918158671047
4	235	0	325	0	285	0	295	0	0.0884182733819531
4	95	0	365	0	155	0	185	0	0.09295198349501
4	155	0	290	0	245	0	260	0	0.117079017761789
4	150	0	330	0	210	0	230	0	0.101972251342783
4	240	0	375	0	285	0	300	0	0.0887519338643169
4	205	0	295	0	275	0	285	0	0.146338094425377
4	190	0	325	0	265	0	280	0	0.0764720164204951
4	80	0	350	0	170	0	200	0	0.0740867656628906
4	330	0	375	0	360	0	365	0	0.158069850966271
4	330	0	375	0	335	0	340	0	0.174500903538452
4	110	0	380	0	140	0	170	0	0.182931672994529
4	225	0	315	0	285	0	295	0	0.105714346193158
4	90	0	315	0	190	0	215	0	0.0707108015610103
4	225	0	360	0	285	0	300	0	0.0839755726718252
4	180	0	360	0	240	0	260	0	0.113768040250281
4	195	0	330	0	285	0	300	0	0.101258286711641
4	95	0	275	0	235	0	255	0	0.179672864117213
4	130	0	310	0	150	0	170	0	0.206158247339788
4	200	0	245	0	225	0	230	0	0.119628729774417
4	185	0	275	0	215	0	225	0	0.110038621492532
4	225	0	270	0	260	0	265	0	0.200408487860544
4	225	0	270	0	235	0	240	0	0.136950204523856
4	155	0	245	0	205	0	215	0	0.0940908726310158
4	140	0	275	0	170	0	185	0	0.132055503240697
4	220	0	265	0	235	0	240	0	0.101856583194585
4	80	0	305	0	105	0	130	0	0.176472440509104
4	115	0	295	0	135	0	155	0	0.233295673006142
4	150	0	240	0	180	0	190	0	0.113282460036114
4	175	0	265	0	215	0	225	0	0.101228194566203
4	215	0	260	0	235	0	240	0	0.0945139331502071
4	115	0	205	0	185	0	195	0	0.20583028317292
4	90	0	270	0	150	0	170	0	0.0787047686327656
4	245	0	290	0	265	0	270	0	0.0749866654066083
4	210	0	255	0	235	0	240	0	0.108690134504315
4	175	0	310	0	190	0	205	0	0.197731730763011
4	125	0	260	0	170	0	185	0	0.090735654086001
4	165	0	255	0	215	0	225	0	0.107133830468382
4	205	0	250	0	235	0	240	0	0.144111166799213
4	80	0	215	0	185	0	200	0	0.18540634832025
4	115	0	385	0	265	0	295	0	0.0774467400864509
4	100	0	190	0	110	0	120	0	0.202210703286596
4	85	0	220	0	100	0	115	0	0.179107432920326
4	140	0	185	0	165	0	170	0	0.154918021711414
4	155	0	380	0	330	0	355	0	0.16175140731321
4	80	0	350	0	290	0	320	0	0.18572914821568
4	135	0	180	0	165	0	170	0	0.203382956954684
4	90	0	180	0	120	0	130	0	0.146316788397679
4	130	0	175	0	165	0	170	0	0.452995028249522
4	155	0	200	0	165	0	170	0	0.237537717882999
4	110	0	200	0	120	0	130	0	0.335336744763547
4	170	0	395	0	220	0	245	0	0.122858597311223
4	130	0	220	0	140	0	150	0	0.356631244123056
4	250	0	385	0	310	0	325	0	0.104758425642452
4	80	0	170	0	120	0	130	0	0.135167623884409
4	205	0	385	0	265	0	285	0	0.0782884424515977
4	80	0	215	0	95	0	110	0	0.174355201949577
4	120	0	210	0	140	0	150	0	0.161473289331746
4	85	0	355	0	205	0	235	0	0.0756568626451844
4	90	0	180	0	140	0	150	0	0.118400975299753
4	100	0	370	0	190	0	220	0	0.0769127485794636
4	350	0	395	0	380	0	385	0	0.18019957794869
4	195	0	375	0	275	0	295	0	0.081894574255103
4	110	0	380	0	200	0	230	0	0.0799136328363833
4	165	0	345	0	265	0	285	0	0.0790055142510121
4	205	0	340	0	310	0	325	0	0.197798441330485
4	110	0	335	0	235	0	260	0	0.0951621137712834
4	230	0	365	0	320	0	335	0	0.137411298534093
4	130	0	310	0	270	0	290	0	0.148669964003227
4	165	0	390	0	240	0	265	0	0.103423855611302
4	205	0	385	0	285	0	305	0	0.0834743358324835
4	170	0	350	0	290	0	310	0	0.118327195987997
4	180	0	360	0	300	0	320	0	0.13572243521666
4	195	0	375	0	295	0	315	0	0.104714167825301
4	95	0	320	0	245	0	270	0	0.101602189923749
4	235	0	370	0	340	0	355	0	0.175603641447698
4	150	0	330	0	170	0	190	0	0.20512031648516
4	205	0	295	0	235	0	245	0	0.113554663687298
4	290	0	380	0	300	0	310	0	0.167372115671937
4	300	0	345	0	310	0	315	0	0.122215881474342
4	200	0	290	0	260	0	270	0	0.0914020454035927
4	100	0	325	0	150	0	175	0	0.0967103645011398
4	265	0	310	0	290	0	295	0	0.0883869407219971
4	255	0	345	0	265	0	275	0	0.156758902239725
4	155	0	290	0	215	0	230	0	0.0991486631927294
4	240	0	375	0	255	0	270	0	0.184813333185871
4	280	0	370	0	300	0	310	0	0.117624491812849
4	180	0	315	0	225	0	240	0	0.0982518313752772
4	80	0	260	0	200	0	220	0	0.0962593862100483
4	295	0	340	0	320	0	325	0	0.117825249000928
4	220	0	310	0	270	0	280	0	0.0818462930655592
4	110	0	290	0	170	0	190	0	0.082790532979541
4	260	0	305	0	290	0	295	0	0.110286950717902
4	175	0	310	0	250	0	265	0	0.0862949941417565
4	315	0	360	0	320	0	325	0	0.270346828152136
4	290	0	335	0	320	0	325	0	0.133484207562531
4	115	0	250	0	220	0	235	0	0.177984374428185
4	255	0	300	0	290	0	295	0	0.189772888178739
4	190	0	370	0	210	0	230	0	0.192805209822414
4	260	0	350	0	290	0	300	0	0.0871797807700405
4	150	0	330	0	190	0	210	0	0.117862712715797
4	270	0	360	0	300	0	310	0	0.103702049695159
4	245	0	335	0	275	0	285	0	0.083582388710525
4	310	0	355	0	320	0	325	0	0.151557483140715
4	285	0	330	0	320	0	325	0	0.216917770181325
4	210	0	300	0	270	0	280	0	0.0982868538240827
4	215	0	350	0	245	0	260	0	0.138206962612453
4	230	0	320	0	290	0	300	0	0.102887394414894
4	125	0	305	0	205	0	225	0	0.0823207436725464
4	130	0	355	0	180	0	205	0	0.112938835866039
4	165	0	300	0	225	0	240	0	0.0907737369053941
4	285	0	375	0	295	0	305	0	0.147720375569815
4	185	0	320	0	245	0	260	0	0.106931754800443
4	220	0	310	0	290	0	300	0	0.151262029978396
4	170	0	305	0	245	0	260	0	0.101289300928567
4	105	0	240	0	120	0	135	0	0.286409917684671
4	90	0	270	0	110	0	130	0	0.204448848236395
4	245	0	290	0	250	0	255	0	0.338823497438699
4	125	0	260	0	155	0	170	0	0.121145014445203
4	240	0	285	0	250	0	255	0	0.141430286788689
4	140	0	230	0	200	0	210	0	0.106584330175946
4	165	0	255	0	175	0	185	0	0.236389668979673
4	205	0	250	0	220	0	225	0	0.112441170594029
4	195	0	285	0	205	0	215	0	0.194535440997982
4	150	0	195	0	185	0	190	0	0.292094921313657
4	95	0	230	0	155	0	170	0	0.083662185121529
4	235	0	280	0	250	0	255	0	0.112381310743024
4	135	0	225	0	175	0	185	0	0.10317603830924
4	105	0	195	0	165	0	175	0	0.127521292213067
4	110	0	245	0	140	0	155	0	0.135037088586164
4	230	0	275	0	250	0	255	0	0.102202514884915
4	130	0	220	0	200	0	210	0	0.181728121078535
4	175	0	265	0	195	0	205	0	0.121128179528009
4	185	0	275	0	205	0	215	0	0.112438644249404
4	225	0	270	0	250	0	255	0	0.104693733382244
4	90	0	270	0	130	0	150	0	0.140195780711858
4	125	0	215	0	175	0	185	0	0.104676692291568
4	80	0	215	0	155	0	170	0	0.0930719549506756
4	240	0	285	0	245	0	250	0	0.534282056610006
4	165	0	255	0	195	0	205	0	0.096612638283427
4	260	0	395	0	365	0	380	0	0.228224269390015
4	100	0	370	0	250	0	280	0	0.0775531039497287
4	235	0	280	0	245	0	250	0	0.186211544301558
4	135	0	225	0	195	0	205	0	0.116125030470847
4	130	0	355	0	305	0	330	0	0.207614557367702
4	200	0	380	0	320	0	340	0	0.132609618822275
4	85	0	175	0	105	0	115	0	0.117203634729233
4	80	0	350	0	260	0	290	0	0.0938627132000813
4	125	0	170	0	150	0	155	0	0.117777929305281
4	115	0	340	0	290	0	315	0	0.181164860426562
4	120	0	165	0	150	0	155	0	0.185537671990576
4	120	0	165	0	125	0	130	0	0.815923682634808
4	95	0	140	0	125	0	130	0	0.277484481975244
4	170	0	395	0	295	0	320	0	0.0934967395478987
4	90	0	135	0	125	0	130	0	0.794013122193033
4	110	0	155	0	125	0	130	0	0.18319313476545
4	350	0	395	0	365	0	370	0	0.135797940960811
4	105	0	150	0	125	0	130	0	0.169971998354577
4	165	0	345	0	225	0	245	0	0.101857122354618
4	345	0	390	0	375	0	380	0	0.129022738103583
4	260	0	395	0	275	0	290	0	0.151498235575157
4	300	0	390	0	320	0	330	0	0.130762500096114
4	100	0	280	0	220	0	240	0	0.104816269636514
4	215	0	395	0	255	0	275	0	0.0995002474302943
4	340	0	385	0	375	0	380	0	0.190520130251058
4	255	0	390	0	300	0	315	0	0.104478612176229
4	120	0	390	0	180	0	210	0	0.0966206007180931
4	140	0	365	0	215	0	240	0	0.0971852944670607
4	180	0	360	0	260	0	280	0	0.0750216436147138
4	295	0	385	0	355	0	365	0	0.13695269800201
4	220	0	355	0	280	0	295	0	0.0838632938801054
4	150	0	330	0	250	0	270	0	0.0822252020266224
4	290	0	380	0	330	0	340	0	0.0845600912977266
4	215	0	350	0	305	0	320	0	0.133052980941687
4	190	0	325	0	280	0	295	0	0.103559737718213
4	105	0	330	0	205	0	230	0	0.0777153276205093
4	150	0	375	0	225	0	250	0	0.106486877582147
4	165	0	345	0	245	0	265	0	0.0933682017686229
4	285	0	375	0	355	0	365	0	0.221475911639324
4	140	0	320	0	260	0	280	0	0.0861248374196694
4	300	0	390	0	340	0	350	0	0.0708909206294105
4	280	0	370	0	330	0	340	0	0.0947439991466731
4	200	0	335	0	290	0	305	0	0.106418174387405
4	100	0	280	0	240	0	260	0	0.17077857782801
4	175	0	310	0	280	0	295	0	0.154486745195472
4	180	0	360	0	280	0	300	0	0.0872815338046581
4	80	0	305	0	230	0	255	0	0.129458533259073
4	135	0	360	0	235	0	260	0	0.096849224661071
4	285	0	330	0	305	0	310	0	0.099649639516902
4	105	0	330	0	130	0	155	0	0.225537769052098
4	125	0	305	0	165	0	185	0	0.119451868856082
4	240	0	330	0	260	0	270	0	0.104839327178694
4	165	0	300	0	210	0	225	0	0.103182284056121
4	280	0	325	0	305	0	310	0	0.110139221022936
4	180	0	270	0	230	0	240	0	0.0945018291232162
4	110	0	245	0	200	0	215	0	0.0995225765526729
4	250	0	295	0	270	0	275	0	0.0811761309285214
4	150	0	240	0	220	0	230	0	0.236254964709958
4	135	0	270	0	210	0	225	0	0.0937733987031834
4	275	0	320	0	305	0	310	0	0.142992278973061
4	275	0	320	0	280	0	285	0	0.193633702702068
4	205	0	295	0	225	0	235	0	0.118987420788466
4	230	0	320	0	260	0	270	0	0.0814847074834197
4	150	0	285	0	195	0	210	0	0.0921559257941081
4	270	0	315	0	305	0	310	0	0.221407798211479
4	270	0	315	0	280	0	285	0	0.101325375150225
4	245	0	290	0	280	0	285	0	0.184556052510968
4	170	0	260	0	230	0	240	0	0.112141226279033
4	100	0	235	0	175	0	190	0	0.0916318862116521
4	85	0	265	0	165	0	185	0	0.0775106893059546
4	185	0	320	0	215	0	230	0	0.131662961351075
4	225	0	315	0	235	0	245	0	0.22143570602373
4	90	0	315	0	140	0	165	0	0.103347756633212
4	265	0	310	0	280	0	285	0	0.0847188756721032
4	120	0	255	0	210	0	225	0	0.110155077456646
4	125	0	305	0	185	0	205	0	0.087931165417719
4	220	0	355	0	235	0	250	0	0.22165872252996
4	105	0	195	0	125	0	135	0	0.187728128173556
4	85	0	220	0	115	0	130	0	0.146630965998184
4	115	0	385	0	325	0	355	0	0.153122971253829
4	195	0	240	0	210	0	215	0	0.110878725341338
4	190	0	235	0	210	0	215	0	0.101718280023153
4	155	0	200	0	180	0	185	0	0.117340343995273
4	185	0	230	0	210	0	215	0	0.107561767472103
4	90	0	225	0	135	0	150	0	0.118652809998932
4	205	0	250	0	210	0	215	0	0.303530473377573
4	125	0	395	0	215	0	245	0	0.0896403886616025
4	180	0	225	0	185	0	190	0	0.341303340987664
4	180	0	225	0	210	0	215	0	0.145914547169763
4	205	0	385	0	305	0	325	0	0.110401241917899
4	195	0	375	0	315	0	335	0	0.135406720534542
4	165	0	345	0	305	0	325	0	0.207617785217247
4	305	0	395	0	375	0	385	0	0.223980736549286
4	90	0	315	0	265	0	290	0	0.143215686338769
4	100	0	325	0	275	0	300	0	0.145529841634823
4	115	0	385	0	235	0	265	0	0.0863197705812406
4	105	0	150	0	110	0	115	0	0.279227259994948
4	80	0	125	0	85	0	90	0	0.467955864097942
4	80	0	125	0	110	0	115	0	0.201814172403505
4	155	0	380	0	280	0	305	0	0.0891813680115242
4	175	0	355	0	315	0	335	0	0.186508457356882
4	195	0	375	0	335	0	355	0	0.168939136956402
4	120	0	390	0	150	0	180	0	0.164090180950152
4	300	0	345	0	325	0	330	0	0.102838576594909
4	285	0	375	0	315	0	325	0	0.107116685130776
4	325	0	370	0	360	0	365	0	0.266917704669839
4	325	0	370	0	335	0	340	0	0.105614126223031
4	255	0	345	0	305	0	315	0	0.118936210988058
4	125	0	350	0	200	0	225	0	0.0846449986339907
4	155	0	290	0	230	0	245	0	0.103346115557907
4	240	0	375	0	270	0	285	0	0.0992903650838973
4	140	0	320	0	220	0	240	0	0.089022581248268
4	320	0	365	0	335	0	340	0	0.0902193435493541
4	110	0	290	0	210	0	230	0	0.0897582879285797
4	350	0	395	0	355	0	360	0	0.164328539115946
4	250	0	340	0	280	0	290	0	0.0917552825490971
4	215	0	395	0	235	0	255	0	0.207521449117652
4	150	0	285	0	255	0	270	0	0.137268772597321
4	275	0	365	0	315	0	325	0	0.10790799795948
4	175	0	310	0	265	0	280	0	0.0971273874763074
4	315	0	360	0	335	0	340	0	0.0886918780409819
4	215	0	305	0	285	0	295	0	0.16165314419416
4	190	0	370	0	250	0	270	0	0.0895652094028667
4	110	0	335	0	185	0	210	0	0.0775988056748008
4	150	0	330	0	230	0	250	0	0.100347946311459
4	345	0	390	0	365	0	370	0	0.131508721454283
4	245	0	335	0	315	0	325	0	0.182014011679776
4	310	0	355	0	335	0	340	0	0.0889344303064116
4	165	0	390	0	190	0	215	0	0.176006159866366
4	185	0	365	0	225	0	245	0	0.127727509217647
4	225	0	360	0	270	0	285	0	0.082918889055791
4	265	0	355	0	315	0	325	0	0.114797856743154
4	305	0	350	0	335	0	340	0	0.103699559548002
4	245	0	380	0	290	0	305	0	0.0897797857350384
4	120	0	300	0	220	0	240	0	0.0880387884708016
4	85	0	355	0	175	0	205	0	0.075844534199148
4	140	0	320	0	240	0	260	0	0.110859458806271
4	180	0	315	0	285	0	300	0	0.151267427759482
4	110	0	290	0	230	0	250	0	0.119418642076642
4	95	0	320	0	195	0	220	0	0.0728622802901604
4	230	0	365	0	290	0	305	0	0.0865433817119552
4	250	0	295	0	255	0	260	0	0.33399894564442
4	200	0	290	0	210	0	220	0	0.217018535412719
4	185	0	320	0	200	0	215	0	0.178428110364827
4	240	0	285	0	265	0	270	0	0.0781671628022688
4	95	0	230	0	170	0	185	0	0.0911407391537076
4	260	0	305	0	265	0	270	0	0.241994369696984
4	235	0	280	0	265	0	270	0	0.0950419832924477
4	150	0	285	0	165	0	180	0	0.250540895895115
4	135	0	315	0	155	0	175	0	0.208899116561369
4	190	0	280	0	220	0	230	0	0.105835717309314
4	255	0	300	0	265	0	270	0	0.105085370436173
4	230	0	275	0	265	0	270	0	0.181837614150122
4	230	0	275	0	240	0	245	0	0.175918920792387
4	200	0	245	0	230	0	235	0	0.150880715566675
4	170	0	305	0	200	0	215	0	0.11272308682387
4	210	0	300	0	220	0	230	0	0.206687184139485
4	225	0	270	0	240	0	245	0	0.128867965256847
4	130	0	265	0	190	0	205	0	0.0863757573547951
4	140	0	275	0	200	0	215	0	0.082186319055446
4	180	0	270	0	220	0	230	0	0.0979713501453168
4	80	0	215	0	170	0	185	0	0.110254829951405
4	220	0	265	0	240	0	245	0	0.11592361433193
4	155	0	290	0	185	0	200	0	0.128399768727268
4	180	0	315	0	195	0	210	0	0.183876208136706
4	220	0	310	0	240	0	250	0	0.162314018184598
4	190	0	280	0	240	0	250	0	0.12432368080057
4	115	0	250	0	190	0	205	0	0.0842852510568591
4	85	0	220	0	190	0	205	0	0.174851885898329
4	165	0	390	0	315	0	340	0	0.121244875119431
4	90	0	360	0	300	0	330	0	0.211863017407871
4	105	0	375	0	285	0	315	0	0.12012724103656
4	105	0	195	0	115	0	125	0	0.265093751038102
4	90	0	225	0	105	0	120	0	0.182209432573448
4	85	0	355	0	295	0	325	0	0.2016713067542
4	140	0	185	0	170	0	175	0	0.153659283713095
4	165	0	210	0	170	0	175	0	0.385938952845959
4	110	0	200	0	140	0	150	0	0.125701854762013
4	305	0	395	0	335	0	345	0	0.0697228074472943
4	135	0	180	0	170	0	175	0	0.32936291793416
4	120	0	345	0	220	0	245	0	0.0859438506515722
4	80	0	170	0	140	0	150	0	0.140647807835626
4	300	0	390	0	360	0	370	0	0.164351130636561
4	255	0	390	0	315	0	330	0	0.104311687954126
4	210	0	390	0	270	0	290	0	0.0811881744204596
4	175	0	355	0	275	0	295	0	0.0858121648299142
4	215	0	350	0	320	0	335	0	0.180106544719189
4	90	0	360	0	210	0	240	0	0.0790265463603424
4	130	0	355	0	255	0	280	0	0.0775604005664237
4	245	0	380	0	350	0	365	0	0.205549513591318
4	165	0	345	0	285	0	305	0	0.107825411281286
4	105	0	375	0	195	0	225	0	0.0777743422303032
4	260	0	395	0	335	0	350	0	0.0698318121059532
4	100	0	370	0	220	0	250	0	0.0876525773457646
4	115	0	340	0	240	0	265	0	0.0927548978638435
4	235	0	370	0	325	0	340	0	0.128328348328901
4	135	0	315	0	275	0	295	0	0.150407318140355
4	95	0	140	0	100	0	105	0	0.294872846097666
4	175	0	355	0	295	0	315	0	0.128896499263963
4	90	0	135	0	100	0	105	0	0.161348745775836
4	85	0	130	0	100	0	105	0	0.126804428696827
4	125	0	350	0	275	0	300	0	0.100068721834552
4	80	0	125	0	100	0	105	0	0.12518187144979
4	205	0	340	0	220	0	235	0	0.186259690751131
4	345	0	390	0	350	0	355	0	0.163497198397912
4	225	0	360	0	255	0	270	0	0.108726440018664
4	340	0	385	0	350	0	355	0	0.098369956297857
4	265	0	355	0	275	0	285	0	0.148159086561806
4	240	0	330	0	300	0	310	0	0.122949094294803
4	155	0	335	0	175	0	195	0	0.203900379103248
4	305	0	350	0	320	0	325	0	0.119894436457344
4	90	0	135	0	95	0	100	0	0.390745101122749
4	140	0	365	0	165	0	190	0	0.219447999279779
4	110	0	245	0	215	0	230	0	0.202979213885504
4	295	0	385	0	305	0	315	0	0.177564685116004
4	250	0	295	0	285	0	290	0	0.177949262174466
4	195	0	330	0	255	0	270	0	0.0780851257019926
4	335	0	380	0	350	0	355	0	0.087816638146673
4	260	0	350	0	300	0	310	0	0.101688021838506
4	235	0	325	0	275	0	285	0	0.0782416415780887
4	135	0	270	0	225	0	240	0	0.112669776138926
4	205	0	295	0	265	0	275	0	0.0938961653963529
4	215	0	350	0	230	0	245	0	0.186195434449728
4	210	0	345	0	240	0	255	0	0.147624476933389
4	110	0	290	0	190	0	210	0	0.0741521246263078
4	330	0	375	0	350	0	355	0	0.0889215265603864
4	230	0	320	0	300	0	310	0	0.202222713649825
4	150	0	375	0	175	0	200	0	0.201210233407981
4	275	0	365	0	295	0	305	0	0.103472178317257
4	245	0	380	0	260	0	275	0	0.162094577865454
4	170	0	350	0	210	0	230	0	0.126886668121828
4	285	0	375	0	305	0	315	0	0.125434472950553
4	185	0	320	0	230	0	245	0	0.104966707144392
4	85	0	265	0	205	0	225	0	0.0997848110177469
4	325	0	370	0	350	0	355	0	0.0968458223301775
4	225	0	315	0	275	0	285	0	0.0830767761855353
4	190	0	370	0	230	0	250	0	0.135490800401413
4	245	0	335	0	295	0	305	0	0.0885999795280931
4	180	0	315	0	255	0	270	0	0.078831520716597
4	120	0	255	0	225	0	240	0	0.183638038473112
4	340	0	385	0	345	0	350	0	0.183435060022363
4	265	0	355	0	295	0	305	0	0.0895395516709666
4	140	0	275	0	245	0	260	0	0.164592189040167
4	155	0	335	0	195	0	215	0	0.113110504032541
4	80	0	305	0	180	0	205	0	0.0727721749665704
4	335	0	380	0	345	0	350	0	0.113424523250151
4	235	0	325	0	295	0	305	0	0.106718712021123
4	135	0	360	0	185	0	210	0	0.111156399360439
4	225	0	315	0	295	0	305	0	0.162835385258668
4	200	0	245	0	215	0	220	0	0.126416805657177
4	220	0	265	0	250	0	255	0	0.121715606377115
4	195	0	240	0	225	0	230	0	0.165955676573873
4	110	0	245	0	125	0	140	0	0.287451351541467
4	150	0	240	0	170	0	180	0	0.139742992294579
4	95	0	275	0	115	0	135	0	0.226967303918574
4	175	0	265	0	205	0	215	0	0.0898318908417822
4	215	0	260	0	250	0	255	0	0.29903287954381
4	215	0	260	0	225	0	230	0	0.144552773093141
4	115	0	205	0	175	0	185	0	0.122296073049624
4	105	0	240	0	150	0	165	0	0.083465936010538
4	245	0	290	0	255	0	260	0	0.149753830243075
4	170	0	260	0	180	0	190	0	0.245689727510561
4	210	0	255	0	225	0	230	0	0.107319820090163
4	230	0	275	0	245	0	250	0	0.140820336331654
4	240	0	285	0	255	0	260	0	0.11564829065564
4	140	0	230	0	180	0	190	0	0.104289773670551
4	165	0	255	0	205	0	215	0	0.0837858634570808
4	205	0	250	0	225	0	230	0	0.104152268547763
4	225	0	270	0	245	0	250	0	0.124568791088487
4	125	0	215	0	195	0	205	0	0.201344368815302
4	135	0	225	0	205	0	215	0	0.1907746947084
4	220	0	265	0	245	0	250	0	0.125585912501735
4	150	0	240	0	190	0	200	0	0.104534487560265
4	95	0	275	0	135	0	155	0	0.12979948261436
4	215	0	260	0	245	0	250	0	0.156213454430956
4	150	0	375	0	300	0	325	0	0.138653210588789
4	210	0	255	0	245	0	250	0	0.341690782753529
4	105	0	375	0	255	0	285	0	0.075349614540646
4	125	0	395	0	275	0	305	0	0.0801023741862979
4	200	0	380	0	340	0	360	0	0.168513742507471
4	135	0	360	0	310	0	335	0	0.201878369809192
4	90	0	180	0	110	0	120	0	0.122117781470692
4	120	0	345	0	295	0	320	0	0.187475814939714
4	125	0	170	0	130	0	135	0	0.784964943220499
4	80	0	170	0	110	0	120	0	0.0943381854600711
4	120	0	165	0	130	0	135	0	0.224496629863103
4	95	0	140	0	130	0	135	0	0.655643225653421
4	210	0	345	0	300	0	315	0	0.135859241173892
4	110	0	290	0	250	0	270	0	0.138257721219346
4	350	0	395	0	370	0	375	0	0.131322403591176
4	250	0	340	0	320	0	330	0	0.203631278808306
4	235	0	370	0	310	0	325	0	0.116624435309979
4	305	0	395	0	325	0	335	0	0.111445968980554
4	105	0	285	0	225	0	245	0	0.111496973297969
4	90	0	315	0	215	0	240	0	0.0861093644941612
4	105	0	375	0	165	0	195	0	0.101277500139462
4	250	0	385	0	295	0	310	0	0.0964120971307203
4	345	0	390	0	380	0	385	0	0.273649656567623
4	270	0	360	0	330	0	340	0	0.111366553126691
4	125	0	395	0	185	0	215	0	0.0985340786511669
4	200	0	335	0	275	0	290	0	0.0824333442336635
4	185	0	365	0	265	0	285	0	0.0758952657508742
4	100	0	325	0	225	0	250	0	0.0945754855060292
4	220	0	355	0	310	0	325	0	0.142656396296157
4	120	0	300	0	260	0	280	0	0.138391681859401
4	260	0	350	0	330	0	340	0	0.152267232783255
4	140	0	320	0	280	0	300	0	0.152835449950467
4	155	0	380	0	230	0	255	0	0.105983765668941
4	205	0	340	0	295	0	310	0	0.120689263774561
4	105	0	285	0	245	0	265	0	0.156026475805845
4	185	0	365	0	285	0	305	0	0.0916364805705642
4	85	0	310	0	235	0	260	0	0.114939866787316
4	200	0	290	0	250	0	260	0	0.0953063650817189
4	125	0	350	0	150	0	175	0	0.181599425040359
4	295	0	340	0	310	0	315	0	0.105625120141106
4	220	0	310	0	260	0	270	0	0.0768483945494891
4	195	0	285	0	235	0	245	0	0.106633079415468
4	260	0	305	0	280	0	285	0	0.082697884932985
4	150	0	285	0	180	0	195	0	0.133198148347656
4	290	0	335	0	310	0	315	0	0.101093454185234
4	215	0	305	0	235	0	245	0	0.134467474169769
4	190	0	280	0	260	0	270	0	0.136606516836882
4	255	0	300	0	280	0	285	0	0.0875717315612414
4	95	0	365	0	125	0	155	0	0.213547479618502
4	130	0	310	0	170	0	190	0	0.116574399320643
4	245	0	335	0	265	0	275	0	0.0979304377022298
4	170	0	305	0	215	0	230	0	0.107534093964506
4	285	0	330	0	310	0	315	0	0.106798479149141
4	210	0	300	0	260	0	270	0	0.0785241044976184
4	205	0	295	0	245	0	255	0	0.111359802564645
4	105	0	240	0	195	0	210	0	0.102127397277261
4	185	0	275	0	235	0	245	0	0.109631799678448
4	190	0	325	0	235	0	250	0	0.119081382641478
4	140	0	275	0	215	0	230	0	0.0979843130998443
4	305	0	350	0	310	0	315	0	0.208021354232413
4	280	0	325	0	310	0	315	0	0.13495220795636
4	280	0	325	0	285	0	290	0	0.191646118902825
4	170	0	350	0	190	0	210	0	0.186547732890303
4	85	0	265	0	185	0	205	0	0.0790353262604998
4	175	0	265	0	235	0	245	0	0.123830405808631
4	175	0	310	0	235	0	250	0	0.110348969874891
4	130	0	310	0	190	0	210	0	0.0876555440316202
4	80	0	260	0	100	0	120	0	0.159042275023979
4	150	0	195	0	175	0	180	0	0.122863677047752
4	135	0	225	0	165	0	175	0	0.123202703670987
4	175	0	220	0	185	0	190	0	0.159706111605372
4	175	0	220	0	210	0	215	0	0.369228919814386
4	105	0	195	0	155	0	165	0	0.0871218412721553
4	90	0	225	0	120	0	135	0	0.163148572644275
4	170	0	215	0	185	0	190	0	0.121519271215386
4	120	0	390	0	330	0	360	0	0.149207638544101
4	100	0	190	0	130	0	140	0	0.145581790437543
4	125	0	215	0	165	0	175	0	0.105766296283855
4	165	0	210	0	185	0	190	0	0.105731740139306
4	195	0	240	0	215	0	220	0	0.120661838342857
4	95	0	185	0	165	0	175	0	0.225602803007971
4	125	0	260	0	140	0	155	0	0.252697714897525
4	115	0	205	0	165	0	175	0	0.104893047193713
4	95	0	230	0	140	0	155	0	0.101242236085842
4	155	0	200	0	185	0	190	0	0.144525499658539
4	255	0	390	0	330	0	345	0	0.0769395489216666
4	210	0	390	0	310	0	330	0	0.110447034596845
4	110	0	335	0	260	0	285	0	0.0896603372315791
4	250	0	385	0	355	0	370	0	0.22742952620738
4	165	0	390	0	265	0	290	0	0.0741391533211874
4	95	0	320	0	270	0	295	0	0.149355166940441
4	140	0	365	0	290	0	315	0	0.126597434649566
4	95	0	140	0	115	0	120	0	0.117442957775532
4	210	0	390	0	330	0	350	0	0.0947963111140672
4	95	0	365	0	245	0	275	0	0.0836393018329611
4	90	0	135	0	115	0	120	0	0.137977713736525
4	105	0	330	0	280	0	305	0	0.150505648292911
4	90	0	360	0	270	0	300	0	0.0999540551645166
4	110	0	155	0	115	0	120	0	0.43479300308821
4	85	0	130	0	115	0	120	0	0.20412003883615
4	85	0	130	0	90	0	95	0	0.403804044453263
4	105	0	150	0	115	0	120	0	0.160016058264115
4	80	0	125	0	90	0	95	0	0.140820945932957
4	80	0	125	0	115	0	120	0	0.765501644479501
4	120	0	345	0	170	0	195	0	0.103020069704047
4	80	0	170	0	90	0	100	0	0.193035401578125
4	300	0	390	0	310	0	320	0	0.161016112773776
4	200	0	335	0	260	0	275	0	0.0747744910707908
4	340	0	385	0	365	0	370	0	0.133884313018009
4	155	0	335	0	215	0	235	0	0.100636495029598
4	195	0	330	0	270	0	285	0	0.0786625420891206
4	335	0	380	0	365	0	370	0	0.172448308521639
4	335	0	380	0	340	0	345	0	0.177782700014886
4	250	0	385	0	265	0	280	0	0.149602894784064
4	290	0	380	0	320	0	330	0	0.117297544344116
4	330	0	375	0	365	0	370	0	0.267654533018572
4	330	0	375	0	340	0	345	0	0.112549080633531
4	110	0	380	0	170	0	200	0	0.0973783417513746
4	130	0	355	0	205	0	230	0	0.0901410055640526
4	300	0	345	0	330	0	335	0	0.0956685228408977
4	245	0	380	0	275	0	290	0	0.104462507605155
4	170	0	350	0	250	0	270	0	0.0815752651279346
4	325	0	370	0	340	0	345	0	0.0898713299548023
4	115	0	295	0	215	0	235	0	0.0893301023142904
4	155	0	290	0	260	0	275	0	0.137518004427094
4	240	0	375	0	300	0	315	0	0.103712517805445
4	280	0	370	0	320	0	330	0	0.115324714553693
4	180	0	315	0	270	0	285	0	0.0993789648865315
4	80	0	260	0	220	0	240	0	0.160229554854372
4	320	0	365	0	340	0	345	0	0.0892328314304126
4	185	0	365	0	245	0	265	0	0.103579411777921
4	115	0	340	0	190	0	215	0	0.0779603903608815
4	255	0	390	0	285	0	300	0	0.106918614186086
4	155	0	335	0	235	0	255	0	0.103694740919844
4	315	0	360	0	340	0	345	0	0.0996561457012396
4	120	0	300	0	240	0	260	0	0.119388777916355
4	290	0	380	0	340	0	350	0	0.0856679517960799
4	215	0	350	0	290	0	305	0	0.0912141694432474
4	90	0	360	0	180	0	210	0	0.074393857912163
4	185	0	320	0	290	0	305	0	0.163552887848308
4	125	0	350	0	225	0	250	0	0.0925390881381488
4	100	0	280	0	120	0	140	0	0.260999492903743
4	85	0	310	0	110	0	135	0	0.199506563060276
4	155	0	245	0	185	0	195	0	0.110887131058838
4	240	0	330	0	250	0	260	0	0.219087304990377
4	250	0	295	0	260	0	265	0	0.133306228520834
4	95	0	275	0	155	0	175	0	0.0788009505168429
4	150	0	240	0	210	0	220	0	0.139809207404734
4	215	0	260	0	240	0	245	0	0.119964960258446
4	205	0	295	0	215	0	225	0	0.223054854326648
4	105	0	240	0	165	0	180	0	0.0903133375153203
4	190	0	325	0	205	0	220	0	0.182514609174163
4	230	0	320	0	250	0	260	0	0.134639493229486
4	130	0	265	0	175	0	190	0	0.0961292348903006
4	245	0	290	0	270	0	275	0	0.0847223536030215
4	170	0	260	0	220	0	230	0	0.102491090265233
4	210	0	255	0	240	0	245	0	0.150510672129067
4	125	0	260	0	200	0	215	0	0.0760402713313791
4	265	0	310	0	270	0	275	0	0.2062173074019
4	240	0	285	0	270	0	275	0	0.105559034274475
4	205	0	250	0	240	0	245	0	0.344259424777718
4	210	0	300	0	240	0	250	0	0.129787886083604
4	220	0	310	0	250	0	260	0	0.103528288086595
4	195	0	285	0	225	0	235	0	0.0997999128902448
4	95	0	230	0	200	0	215	0	0.16116784626135
4	260	0	305	0	270	0	275	0	0.105616873474238
4	235	0	280	0	270	0	275	0	0.197363153298242
4	165	0	300	0	195	0	210	0	0.111880643915815
4	180	0	270	0	240	0	250	0	0.138070864478432
4	115	0	250	0	175	0	190	0	0.0842713457013916
4	110	0	245	0	185	0	200	0	0.0954350550919698
4	80	0	305	0	130	0	155	0	0.119665135890243
4	235	0	325	0	245	0	255	0	0.26078089337643
4	135	0	270	0	195	0	210	0	0.0801392897779292
4	170	0	260	0	240	0	250	0	0.214851363144002
4	170	0	395	0	320	0	345	0	0.105527660879599
4	95	0	365	0	305	0	335	0	0.208984904714658
4	195	0	240	0	200	0	205	0	0.327436781625892
4	95	0	185	0	125	0	135	0	0.144613064988673
4	110	0	380	0	290	0	320	0	0.121219864414983
4	190	0	235	0	200	0	205	0	0.141030216835647
4	115	0	205	0	125	0	135	0	0.336378863083208
4	155	0	200	0	170	0	175	0	0.119596768480736
4	185	0	230	0	200	0	205	0	0.106117508506137
4	85	0	175	0	125	0	135	0	0.135104968620131
4	180	0	225	0	200	0	205	0	0.0966822647735807
4	175	0	220	0	200	0	205	0	0.10306500139429
4	115	0	385	0	205	0	235	0	0.080609514717072
4	190	0	235	0	195	0	200	0	0.299727142466949
4	210	0	345	0	315	0	330	0	0.195141851985176
4	350	0	395	0	385	0	390	0	0.240120631466477
4	150	0	375	0	250	0	275	0	0.0786670911683443
4	185	0	230	0	195	0	200	0	0.151160921218553
4	305	0	395	0	365	0	375	0	0.166363570717994
4	170	0	395	0	245	0	270	0	0.0942526233673352
4	210	0	390	0	290	0	310	0	0.0861247883329993
4	260	0	395	0	320	0	335	0	0.0996122610420514
4	185	0	365	0	305	0	325	0	0.146112720831243
4	80	0	305	0	255	0	280	0	0.126065438420444
4	220	0	355	0	325	0	340	0	0.166684189050576
4	150	0	330	0	270	0	290	0	0.0970199816426959
4	95	0	365	0	215	0	245	0	0.0841238446864781
4	240	0	375	0	345	0	360	0	0.181086009623988
4	135	0	360	0	260	0	285	0	0.0780699755150233
4	80	0	350	0	230	0	260	0	0.0925620569609306
4	120	0	345	0	245	0	270	0	0.0862059075817656
4	85	0	130	0	95	0	100	0	0.171345524023077
4	95	0	140	0	105	0	110	0	0.141775335887641
4	105	0	330	0	155	0	180	0	0.0991674176709012
4	80	0	125	0	95	0	100	0	0.127336657864599
4	300	0	345	0	315	0	320	0	0.0900219635848511
4	115	0	295	0	175	0	195	0	0.0863680531729334
4	320	0	365	0	350	0	355	0	0.122366251835776
4	320	0	365	0	325	0	330	0	0.214767111733005
4	295	0	340	0	325	0	330	0	0.12942778787696
4	210	0	345	0	225	0	240	0	1.32305170674214
4	250	0	340	0	270	0	280	0	0.0991566213748552
4	195	0	375	0	215	0	235	0	0.193324268540306
4	275	0	365	0	305	0	315	0	0.111904707522959
4	165	0	345	0	205	0	225	0	0.117434569069588
4	315	0	360	0	350	0	355	0	0.208349170008048
4	315	0	360	0	325	0	330	0	0.138613939495218
4	290	0	335	0	325	0	330	0	0.199742933025564
4	215	0	305	0	275	0	285	0	0.100262622672043
4	205	0	340	0	250	0	265	0	0.095554361356696
4	90	0	315	0	165	0	190	0	0.0804001126698722
4	230	0	365	0	260	0	275	0	0.102042650176516
4	130	0	310	0	210	0	230	0	0.0901153793349778
4	345	0	390	0	355	0	360	0	0.104042162163975
4	270	0	360	0	280	0	290	0	0.153507458720874
4	245	0	335	0	305	0	315	0	0.135374227205935
4	170	0	305	0	230	0	245	0	0.0986899518051608
4	310	0	355	0	325	0	330	0	0.108297715736536
4	100	0	280	0	200	0	220	0	0.0801155047695583
4	330	0	375	0	345	0	350	0	0.101464896686428
4	80	0	395	0	115	0	150	0	0.191096884079949
4	340	0	385	0	355	0	360	0	0.0866215088347848
4	265	0	355	0	305	0	315	0	0.109657190675495
4	240	0	330	0	280	0	290	0	0.0828757847567805
4	140	0	275	0	230	0	245	0	0.121700209290709
4	165	0	300	0	255	0	270	0	0.0961517755546569
4	305	0	350	0	325	0	330	0	0.0979764583366828
4	170	0	350	0	230	0	250	0	0.110107555235561
4	100	0	325	0	175	0	200	0	0.0802137488700451
4	325	0	370	0	345	0	350	0	0.0987058356217242
4	115	0	295	0	195	0	215	0	0.073144773298048
4	260	0	350	0	280	0	290	0	0.107413985571435
4	235	0	325	0	305	0	315	0	0.203938326525912
4	155	0	380	0	180	0	205	0	0.193134966581814
4	320	0	365	0	345	0	350	0	0.107004932034939
4	80	0	350	0	140	0	170	0	0.0970027669436719
4	90	0	270	0	210	0	230	0	0.106713387911601
4	250	0	340	0	290	0	300	0	0.082953304541606
4	195	0	375	0	235	0	255	0	0.141902015296011
4	150	0	285	0	240	0	255	0	0.130346661015689
4	315	0	360	0	345	0	350	0	0.131299120114113
4	125	0	260	0	230	0	245	0	0.173832154137012
4	130	0	310	0	230	0	250	0	0.102725712050986
4	310	0	355	0	345	0	350	0	0.19258130623458
4	85	0	310	0	185	0	210	0	0.0706966910573946
4	235	0	280	0	255	0	260	0	0.0924069791091261
4	190	0	280	0	210	0	220	0	0.129107509430641
4	230	0	275	0	255	0	260	0	0.0913696262455856
4	130	0	220	0	180	0	190	0	0.10416025130563
4	80	0	395	0	325	0	360	0	0.147126936490618
4	200	0	245	0	220	0	225	0	0.109160526193287
4	100	0	190	0	170	0	180	0	0.213998419082643
4	225	0	270	0	255	0	260	0	0.105745988218347
4	225	0	270	0	230	0	235	0	0.283912503210068
4	180	0	270	0	210	0	220	0	0.105813177061148
4	220	0	265	0	255	0	260	0	0.24143076733347
4	220	0	265	0	230	0	235	0	0.12758105402824
4	195	0	240	0	230	0	235	0	0.432859038265598
4	120	0	210	0	180	0	190	0	0.12233198718717
4	135	0	270	0	165	0	180	0	0.139454527778534
4	175	0	265	0	185	0	195	0	0.229848287575832
4	215	0	260	0	230	0	235	0	0.092745823387692
4	110	0	200	0	180	0	190	0	0.199859855937913
4	210	0	390	0	350	0	370	0	0.215311993384677
4	170	0	305	0	185	0	200	0	0.208095706368053
4	205	0	385	0	325	0	345	0	0.107870490544292
4	85	0	355	0	265	0	295	0	0.0969726948300593
4	155	0	380	0	305	0	330	0	0.143035685788206
4	110	0	380	0	260	0	290	0	0.0774447691787869
4	205	0	385	0	345	0	365	0	0.181618781175817
4	110	0	155	0	130	0	135	0	0.149217901708457
4	105	0	150	0	130	0	135	0	0.161530342800866
4	95	0	185	0	115	0	125	0	0.150322712003418
4	260	0	395	0	305	0	320	0	0.0991214741515791
4	300	0	390	0	350	0	360	0	0.0889276652377026
4	155	0	335	0	255	0	275	0	0.0782943786773316
4	295	0	385	0	335	0	345	0	0.071346540362476
4	110	0	335	0	210	0	235	0	0.0804665966752826
4	250	0	385	0	280	0	295	0	0.109998203620105
4	165	0	390	0	215	0	240	0	0.119776942678129
4	290	0	380	0	360	0	370	0	0.256163572698408
4	305	0	395	0	345	0	355	0	0.0739837244252382
4	285	0	375	0	335	0	345	0	0.0882748405354207
4	200	0	380	0	260	0	280	0	0.0794416322674279
4	115	0	295	0	255	0	275	0	0.136262102360319
4	255	0	345	0	325	0	335	0	0.162238262646384
4	240	0	375	0	315	0	330	0	0.115402993771558
4	80	0	350	0	200	0	230	0	0.0743609067751206
4	95	0	320	0	220	0	245	0	0.0893543015501023
4	275	0	365	0	335	0	345	0	0.119034454913083
4	140	0	365	0	240	0	265	0	0.0955677624263824
4	105	0	330	0	230	0	255	0	0.0942139974279855
4	125	0	305	0	265	0	285	0	0.142740079594168
4	245	0	380	0	335	0	350	0	0.109303064458424
4	180	0	360	0	200	0	220	0	0.180702510258675
4	250	0	295	0	275	0	280	0	0.0832811465823905
4	235	0	325	0	265	0	275	0	0.0802183728527844
4	275	0	320	0	310	0	315	0	0.254147443319792
4	275	0	320	0	285	0	290	0	0.110772221562394
4	205	0	295	0	255	0	265	0	0.0855458599578187
4	105	0	240	0	180	0	195	0	0.0969286591923471
4	190	0	325	0	220	0	235	0	0.12215906450219
4	90	0	270	0	170	0	190	0	0.0744499153545063
4	270	0	315	0	285	0	290	0	0.0892937122553686
4	130	0	355	0	155	0	180	0	0.193263347962679
4	300	0	345	0	305	0	310	0	0.200995942867236
4	200	0	290	0	230	0	240	0	0.0968855879605178
4	100	0	235	0	205	0	220	0	0.184913206969577
4	165	0	345	0	185	0	205	0	0.187892653917419
4	225	0	315	0	265	0	275	0	0.0754807869630714
4	125	0	260	0	215	0	230	0	0.119070189379125
4	265	0	310	0	285	0	290	0	0.0863199029594743
4	165	0	255	0	235	0	245	0	0.213421379174487
4	140	0	320	0	200	0	220	0	0.0924207789341407
4	100	0	280	0	180	0	200	0	0.0784027780903528
4	295	0	340	0	315	0	320	0	0.0861403513392877
4	195	0	285	0	265	0	275	0	0.146296193063995
4	80	0	350	0	110	0	140	0	0.188658684547785
4	260	0	305	0	285	0	290	0	0.092591808621864
4	115	0	340	0	140	0	165	0	0.187550119891073
4	135	0	315	0	175	0	195	0	0.123011863676006
4	175	0	310	0	220	0	235	0	0.0996520958242706
4	215	0	305	0	265	0	275	0	0.0791054064011804
4	255	0	300	0	285	0	290	0	0.111402285369286
4	195	0	330	0	240	0	255	0	0.121314890440015
4	175	0	355	0	195	0	215	0	0.176679665357083
4	90	0	270	0	190	0	210	0	0.0757960257149335
4	130	0	265	0	235	0	250	0	0.183451774739039
4	100	0	370	0	310	0	340	0	0.204434462115879
4	200	0	245	0	205	0	210	0	0.300270690074177
4	135	0	270	0	150	0	165	0	0.214875645100143
4	190	0	235	0	215	0	220	0	0.127461353038775
4	210	0	255	0	215	0	220	0	0.351476097148459
4	100	0	235	0	115	0	130	0	0.24487592004692
4	185	0	230	0	190	0	195	0	0.336683290476534
4	185	0	230	0	215	0	220	0	0.161253680579287
4	85	0	265	0	105	0	125	0	0.182305704051272
4	140	0	230	0	170	0	180	0	0.112265141168425
4	205	0	250	0	215	0	220	0	0.160511250671536
4	180	0	225	0	190	0	195	0	0.166163672375549
4	180	0	225	0	215	0	220	0	0.384003467908199
4	150	0	195	0	180	0	185	0	0.154137968236701
4	120	0	255	0	150	0	165	0	0.106719518004074
4	95	0	230	0	125	0	140	0	0.166252815431254
4	175	0	220	0	190	0	195	0	0.122281592342871
4	180	0	270	0	190	0	200	0	0.229951584779058
4	80	0	215	0	140	0	155	0	0.0928325417655657
4	90	0	225	0	150	0	165	0	0.0754346520913744
4	130	0	220	0	170	0	180	0	0.0978399344869035
4	170	0	215	0	190	0	195	0	0.114292248500068
4	170	0	260	0	190	0	200	0	0.132451257351899
4	140	0	230	0	190	0	200	0	0.106723418700696
4	215	0	395	0	315	0	335	0	0.0995782094879011
4	80	0	395	0	220	0	255	0	0.0828728357667742
4	115	0	340	0	265	0	290	0	0.0935841530788846
4	255	0	390	0	360	0	375	0	0.250356859946057
4	120	0	390	0	240	0	270	0	0.0835611180339152
4	180	0	360	0	320	0	340	0	0.193833870968968
4	90	0	180	0	100	0	110	0	0.210738635119236
4	125	0	350	0	300	0	325	0	0.205191915752527
4	80	0	170	0	100	0	110	0	0.114931728278867
4	125	0	395	0	155	0	185	0	0.174380078657488
4	95	0	140	0	120	0	125	0	0.181057788382955
4	95	0	365	0	275	0	305	0	0.105012619193037
4	90	0	135	0	120	0	125	0	0.276566705091495
4	200	0	380	0	220	0	240	0	1.24102551243376
4	255	0	345	0	285	0	295	0	0.093111780746017
4	350	0	395	0	360	0	365	0	0.137879167481488
4	250	0	340	0	310	0	320	0	0.126064927185369
4	195	0	375	0	255	0	275	0	0.0831605259716208
4	150	0	375	0	200	0	225	0	0.116306758082321
4	85	0	175	0	95	0	105	0	0.221840516052368
4	305	0	395	0	315	0	325	0	0.170506503038752
4	205	0	340	0	265	0	280	0	0.0740440178078696
4	170	0	395	0	195	0	220	0	0.179126673637307
4	230	0	365	0	275	0	290	0	0.0868266220433088
4	130	0	310	0	250	0	270	0	0.0961796434792162
4	345	0	390	0	370	0	375	0	0.137997068428224
4	270	0	360	0	320	0	330	0	0.120876204596647
4	310	0	355	0	340	0	345	0	0.116706841530247
4	225	0	360	0	300	0	315	0	0.112343535052592
4	125	0	305	0	225	0	245	0	0.0955083028088437
4	340	0	385	0	370	0	375	0	0.15170018529191
4	165	0	300	0	270	0	285	0	0.147403180136169
4	305	0	350	0	340	0	345	0	0.181287203840867
4	200	0	380	0	240	0	260	0	0.142077495694265
4	80	0	305	0	205	0	230	0	0.0828536898600326
4	295	0	385	0	325	0	335	0	0.0977690485376398
4	195	0	330	0	300	0	315	0	0.188174142202207
4	115	0	295	0	235	0	255	0	0.12141700654177
4	335	0	380	0	370	0	375	0	0.247935957681438
4	260	0	350	0	320	0	330	0	0.138889578393671
4	115	0	385	0	175	0	205	0	0.0982057860759736
4	135	0	360	0	210	0	235	0	0.0943542577660953
4	280	0	370	0	340	0	350	0	0.117145632109463
4	175	0	355	0	255	0	275	0	0.0770919539146134
4	215	0	350	0	275	0	290	0	0.080428033660684
4	210	0	345	0	285	0	300	0	0.0852140285103414
4	235	0	370	0	295	0	310	0	0.0942655020157202
4	185	0	320	0	275	0	290	0	0.103504735838385
4	85	0	265	0	225	0	245	0	0.163235907280663
4	270	0	360	0	340	0	350	0	0.193574648876398
4	125	0	305	0	245	0	265	0	0.108310372613007
4	220	0	355	0	295	0	310	0	0.0994093951078159
4	155	0	290	0	170	0	185	0	0.213163196704587
4	295	0	340	0	300	0	305	0	0.188233784912851
4	110	0	290	0	150	0	170	0	0.10559643745981
4	175	0	310	0	205	0	220	0	0.118254481488197
4	290	0	335	0	300	0	305	0	0.108987852581342
4	215	0	305	0	225	0	235	0	0.163349882656236
4	190	0	280	0	250	0	260	0	0.108527437748123
4	255	0	300	0	270	0	275	0	0.0864872504171596
4	90	0	315	0	115	0	140	0	0.222332318531784
4	245	0	335	0	255	0	265	0	0.210497946001843
4	200	0	245	0	235	0	240	0	0.48831603572096
4	285	0	330	0	300	0	305	0	0.0901904530822505
4	210	0	300	0	250	0	260	0	0.0930184145863172
4	185	0	275	0	225	0	235	0	0.0922221342597798
4	85	0	220	0	175	0	190	0	0.117822716687224
4	155	0	245	0	215	0	225	0	4.03693480035726
4	165	0	300	0	180	0	195	0	0.20276902895411
4	280	0	325	0	300	0	305	0	0.0884295403159491
4	180	0	270	0	250	0	260	0	0.157282396107455
4	100	0	325	0	125	0	150	0	0.238089470117022
4	110	0	245	0	170	0	185	0	0.0832882468162664
4	225	0	315	0	245	0	255	0	0.154243716836786
4	195	0	330	0	210	0	225	0	0.197551470809509
4	235	0	325	0	255	0	265	0	0.117896757352741
4	135	0	270	0	180	0	195	0	0.100715795524462
4	275	0	320	0	300	0	305	0	0.0983464536036579
4	175	0	265	0	225	0	235	0	0.0943610956096497
4	140	0	320	0	180	0	200	0	0.126302877565631
4	195	0	285	0	245	0	255	0	0.114361625869855
4	120	0	255	0	195	0	210	0	0.0821162863677369
4	130	0	265	0	205	0	220	0	0.083287320048068
4	290	0	335	0	295	0	300	0	0.161539217470662
4	215	0	305	0	245	0	255	0	0.124370313353954
4	90	0	225	0	195	0	210	0	0.158273886005363
4	285	0	330	0	295	0	300	0	0.094218939072747
4	185	0	275	0	245	0	255	0	0.128905827996038
4	80	0	395	0	255	0	290	0	0.0735462033859644
4	120	0	390	0	300	0	330	0	0.129265735912328
4	175	0	265	0	245	0	255	0	0.18556516059928
4	95	0	230	0	110	0	125	0	0.203585949707841
4	150	0	195	0	165	0	170	0	0.166835139876288
4	135	0	225	0	155	0	165	0	0.132138807781629
4	165	0	390	0	340	0	365	0	0.171363218785581
4	170	0	215	0	175	0	180	0	0.423858074376477
4	170	0	215	0	200	0	205	0	0.141817794534418
4	100	0	190	0	120	0	130	0	0.188047226945432
0
0
0
0
0
0
0
0
